null_max_deltaD
4.245278234443333
4.492947480799529
7.436568091820078
16.049956828903817
8.860362150953904
12.483754325159083
7.6819056926311475
8.289748216941831
13.19897743197356
8.89971412801367
9.294124659907737
5.102395015439527
14.044545484441983
6.9131354566955
6.7275682203932945
7.948534768197987
7.151760170506023
7.409215056657814
6.343476226749772
8.225535494139024
8.009945811467816
10.013163393268556
15.320802300343047
9.529356175339359
8.632593840462619
6.746165593489707
12.351707652200304
7.683983488830734
7.2911959416143475
3.8661886329237802
10.542464844898774
8.426885887551748
5.787489848494943
13.31919720116582
6.883537207474319
7.898388614481092
12.189347151151821
9.3757709514625
11.269409997735465
7.129382817314479
10.392849031466284
7.304252825170352
7.51592420706379
9.904561669070517
8.291312330897114
10.430785868236256
14.679318629349495
11.536296208796443
5.510312219586183
7.740527876451836
7.457935057279855
4.630507277498964
5.852863814847751
12.32896330339912
7.418415092705914
9.944259387828936
6.844289059400609
12.209364068822453
14.717452850393727
6.833320990313553
11.6337580331614
12.943193227601427
6.810922541107587
8.138811619385905
9.029468466510565
10.995222195966875
5.765157824411034
6.180134554775151
6.925542202650192
5.729551448292966
15.892408383857145
9.383508852131683
7.49373833402268
19.15006258183473
7.5925776250012404
7.939472930691835
16.54171045460879
5.636675258396963
5.945874795071518
4.595962641258183
3.5518934797498787
8.809463998794229
8.809355732305391
12.08383063962063
5.784078265783933
10.321031691767473
6.712881696902173
11.236300686992507
10.225142414808829
10.007217345350739
7.0527701178855295
11.675363339558373
13.020454112627505
5.837727012975336
4.732476548420294
8.226462905263546
8.049748603360484
10.675003273085963
10.167769004078579
10.599509273913299
11.396472529433737
5.917254088933106
7.429915007344192
11.755912014875236
11.02308896458237
4.6475190304923615
9.635351845522706
14.938973582951974
8.606192326775812
7.972989997535819
6.964312180306166
11.645732955026205
15.908073205902213
8.757927458717461
11.07120398958429
7.806091735324628
8.566091882918158
4.238620966708737
6.640673473521133
12.030220190693598
21.56892614888335
6.197554085524544
8.539213295300527
5.306785664273235
12.53759475472475
10.001809098761669
6.263686634993633
5.752106112534008
5.469273767049202
16.082445455607996
12.788138612382426
10.905461028575388
11.50845285795684
7.793644957806009
7.1621776173478935
14.00669761244282
12.371799225870177
10.969085655384362
5.140184962294143
5.401854367821585
17.384363075430628
6.369059384967727
7.028144744693478
7.185802826577998
10.054255159734169
4.663109894510171
9.612510766678952
9.101084996778496
4.285604747080072
14.010789472724042
6.440653173174979
8.946377940035745
10.554805068131373
5.259349718620342
8.021182024559181
4.9184438609371455
5.971000145542291
7.045149953429217
14.540779405476314
12.721699289768168
5.162389120645884
7.62006287204278
6.091436368562128
9.767219746777727
3.897950700322582
16.994677519931827
10.592695752261108
5.003593829840412
8.389458302594619
6.6956911192052075
10.629323947364924
13.703507019402508
8.446591778468388
14.64447158074995
8.735457185899492
6.279372547215502
7.088224497199178
13.956937707620284
9.756040024713002
5.867122225652821
8.212504435041296
7.333090625424262
7.105546335202007
10.554035801831418
5.2328379755524566
8.79824754781427
10.330779634424431
11.897169837679769
9.666558567580125
10.789280140850508
5.667823842350032
8.730052718612683
6.059845584091292
7.016479380186155
7.4859207195524675
8.848345830326224
13.488821984853047
6.673398086435242
7.214780330175671
11.200853099675328
7.000625972246098
11.832392496278743
5.385434149871713
7.6726508421542405
7.376260392829067
8.642229211219899
16.843127992318244
7.825829919293284
9.706274699866015
16.64519448808781
9.327120345734897
14.00550230249496
12.56667775651411
9.62553675353891
7.750584989244004
7.542036267311772
7.710927009470467
6.688649212415413
9.142697330539136
10.179313644304074
9.656496492975464
7.964985010420833
5.699393057621364
8.72332285471748
6.745489950923741
17.994495503109306
4.429153664562023
13.326761228156016
13.26336946951156
8.382488136485193
10.831850977950182
7.342843828858946
9.305045025173513
8.446253077308143
10.805929080458839
6.509255503115412
10.035191510527795
9.950939799571813
10.382506492774382
8.571721866942738
7.618102335905178
17.03662933544649
4.002588674891996
9.782838174269216
12.030758683307994
8.280053389548186
6.43448104740969
11.91058023471436
13.602452161524809
8.324390139489594
5.139536663497836
7.882916572949199
11.730679761837393
6.20659921331395
7.9646454695451325
9.404165975319415
6.712695924229138
11.155734173179269
6.333986391483279
12.539475965418262
11.716429959198678
7.172641814542658
14.380565583429728
12.11959437765816
10.559280043235646
6.83524139768906
7.826095828451457
6.265444074147126
8.914684489148954
9.771914730684813
13.917569112464776
5.184388686955401
8.69343497834845
6.047989327942389
7.410023350484437
12.714277442963464
12.372428383119427
7.353712416633101
13.619139969031693
12.524800328451818
3.742390270019925
6.409325364932897
9.86499327291233
10.87915898158738
9.358335555636984
25.77812256654869
8.946384417842637
8.225090758372431
7.046787632630554
6.3041378454036305
10.6056800950671
8.4315300974406
7.329516741659575
5.357893969745788
7.92656344987256
13.868321498776652
8.317653534412301
12.491612503257272
12.242316851351717
12.739860427666656
7.198091079057548
8.3195232631208
6.020331870406039
8.719703714422621
13.802377369830168
4.855929323939932
10.542625675969418
6.295584715139654
8.264690676963028
8.622642925908991
13.62056673597732
12.219494293693458
7.525383180467031
10.45247017844872
9.518669929310391
6.3772987276237245
11.090287654904643
10.63201371572461
10.083384950889268
11.462550777221566
5.145464224089494
5.682323757076176
5.687766437305939
12.420962064324272
8.945985317842997
12.09235104002886
16.62793753585629
9.645140626963496
14.012632566974503
8.299164497215997
6.993523025262078
8.656784223917157
7.590928303687122
12.173851599757484
9.691635682559252
7.85620696157784
9.087988856414654
11.6673626817676
7.60459791387126
9.416111471522413
6.4668164313027034
5.85395471448652
4.590805265585203
9.937963957864156
9.305592433286591
6.625660078336608
9.051553091074737
7.212904541543651
8.11390544381743
8.439976471520069
7.106808491609399
10.78539298482437
10.719313186611402
3.6721389476408604
7.128869413585193
9.024290427145388
11.531873910938543
4.328714298689391
8.235455913811421
5.840257532770906
8.383059736940538
5.067684779170378
7.6782674114695055
3.0306237938413574
8.081438916227
9.38776726435583
8.565598723286854
6.4097629164785985
12.575232661626984
6.170270736067437
8.334812346245315
6.4013782418797405
6.632005436679464
6.898088394683441
4.612150168821074
18.75755525098782
11.195287559664791
10.133410978058464
10.801427828318253
7.553713947951252
6.399073386179367
6.150013858394232
9.575129079076078
7.814997609761917
7.989803289885941
10.611898954421662
8.77009628034125
9.292703056639112
16.43563627000364
7.856998301179345
7.345914260647106
12.763848766436439
9.87238422811825
6.751016922636069
4.707676244773296
8.108177211314626
6.3979668044585765
12.055228350961443
12.930527068681016
6.600479833373356
11.277411393245615
4.0677214364531835
4.295412375525501
8.931781380424155
14.247916696080267
8.399123439917219
8.212132759152155
14.055896642805635
9.076685504632337
7.224671367448309
5.309801841449541
7.379397099167477
9.278600573015865
8.936005279795324
7.723764861399701
8.828609141525106
11.212426366453712
7.058254144162561
8.438352036650684
12.915885426357647
3.926694630971781
3.0950490748904116
7.9323659595810625
16.85063043587695
6.399149649285192
7.587537133729597
13.019213653817133
15.3016260117071
7.319874597333097
8.04732311089873
8.920224536395722
13.47489563906555
14.08813150257572
6.712605285031373
7.771665486462723
7.476872341563848
8.921928062851748
12.641274730356457
8.710988966703383
10.364076960831227
10.303060044891907
12.154069421409815
5.596386268373777
14.936890832486199
10.737100862154477
9.05420614022637
15.09985730715556
12.082347805282865
7.223603598044406
7.9998472377344
13.37245725181441
8.187422890272444
5.84855054877076
5.71723002103198
11.067852017560284
5.700175270189305
8.164072294191783
5.229816368749823
5.920031583016282
5.119276996770196
7.400841697779299
5.2612092719879655
5.528116734871787
8.674098102576323
9.135420431761759
5.952205676932465
6.133671523344589
7.9564526418264165
8.877383750199996
6.738794783646711
12.552767042103426
5.626002272388121
10.668263636530924
5.308119282223885
6.523116992146612
8.096829419657297
7.445661549588195
7.755794453837183
6.8914402262681165
10.123391384813644
7.999974741848277
15.476143228867727
7.33175110531954
9.387651583649784
7.8575190027031
6.477930005912469
6.240238466473272
5.226503311190186
12.84113920861276
11.600418222846912
16.173873155144122
8.842935837791401
7.349883328376222
6.923908017418739
7.375856612840778
17.19152837460001
6.372956921317581
13.409313220414418
6.34013047109616
8.618244816664344
9.146567556886339
8.092463572244128
6.685893410934597
5.948196298836365
8.066168531721132
10.341161357752213
9.089919992841686
9.405360164052155
6.319320495558742
10.373340830925656
9.049676841046065
12.904517990612476
6.696718778673727
4.476258512532155
8.587672445770892
10.285229411204966
11.905632825765792
7.390973804294333
12.374187907082757
7.614958175713667
5.9731339668974215
6.846110935566259
8.419550486017442
4.411340004963336
7.785783707179974
5.434988368798258
11.248571240469914
5.264126075559886
5.520653819410796
5.0876306464454615
13.156416284976643
9.370691918503638
4.39287552695987
8.588156515541641
7.127380624324445
7.929372968004486
11.4947330087399
9.158557979903435
6.08083668799722
7.978222988628147
15.148347709726067
10.485530980868248
6.424112267460629
16.15892329242851
4.108827839121517
5.563949788186164
6.596611830557464
20.589829291765824
10.637178044470573
8.682415976722865
8.034645505071808
8.70517716415003
10.685434437727679
5.978472345851287
11.937591965144378
4.099355748464262
7.071753864474317
12.919748004520216
8.327235947674467
10.358040467040041
6.266892287767206
11.526567009784117
8.23279903316083
10.095140082367834
8.071974101920318
5.5546468642246225
10.338879099069231
6.366114412987315
9.40957505651241
7.242501648226693
10.636248564293368
7.646462882683238
8.54779901633168
13.899685149027817
8.020886562194335
11.95513717090708
6.375476701285379
3.8902656215952334
12.924908436768249
16.645751644115876
6.845295770107356
9.063936996789295
7.346711827537945
5.391754939074815
11.65589416309777
7.610831751844813
15.860905666357155
6.280482745078189
10.66957745023646
6.548666011137385
6.1254428226843345
7.244068537679027
13.87167545081931
7.107239334417898
6.3026138891530366
6.770063560287497
7.080717571695061
9.893556437779921
5.641829466170208
9.488049324410724
6.865674892374727
6.02637513019755
12.774952401235936
8.434331711053659
10.421080831761827
13.118365799907906
15.925583991655571
5.108936997033112
9.425904211900416
12.556675938430999
7.12799405342048
4.8063098218984805
13.931081090684472
6.116326835735549
6.176862780631666
11.355147187753062
9.98183273690762
6.920900298409435
9.057828967590353
7.2990068250407205
7.779749571246953
3.5942776181066165
4.659056055201546
5.609564638089239
9.327648066790232
9.17093514904272
6.639772136255942
10.274225188051503
4.694398980647662
8.333743837255696
8.366840418518734
6.968913183542355
5.866963315882401
6.775490997857304
5.33329408866031
11.897564310871672
4.682469718290065
8.559952423137176
8.3843203074631
5.915700970460293
6.775966917102721
19.25678988771631
7.220233231650383
10.180361853318516
10.420559929231672
11.685066868383785
7.494021011317784
6.906711846455579
8.033110656594971
9.760624775035467
10.957021494908588
5.638701136831884
7.21244923538444
7.934657329665242
12.282755673776165
4.8990741872798935
9.968189123971712
7.0256356026752655
4.583858807905756
8.68016392682739
8.353449043167075
8.810093284879201
14.32887297791595
8.702363235937895
8.007346559893605
7.090188597706515
11.994355465298923
12.514988777356905
4.860874558936217
6.989675480441065
7.665748340430696
13.89590686770444
8.41172919985084
12.623922603055291
7.238891244035528
4.055630664454142
7.402371503975303
5.882097080377974
17.481806003033398
14.634199226336477
6.255038704289063
5.070056290363084
8.158107827233096
4.122993668256981
4.491186800895832
6.063703390579263
10.396552156453794
5.022335908126422
8.926894304292887
8.245123223737068
8.951423431545663
8.373740687213342
9.954681566263162
7.515265779520973
9.318327594467576
8.57598621947227
13.051783871542284
16.35150400116703
12.407219281484345
7.711564378083324
12.325742623232031
5.481268473324434
5.338729939743459
5.226619916344617
5.18741449523759
7.191423886560557
6.285441080061474
14.098510900503186
6.200455788173883
6.509362919886712
11.511858344920995
10.532286417619957
11.388895204054279
9.900283232407105
10.60343412836312
16.04553070442529
12.88814334779022
7.829751486803275
19.74867866522635
8.276939901952659
8.382502806764592
8.69480185873428
12.222586330477213
7.267658611739591
9.136437307596907
6.237132197331448
6.168434432167089
8.231834381173542
10.13690527997801
7.495837180889623
4.990241965971393
5.87582353717093
8.856995489846838
5.637361038849832
9.410567264000036
9.92801047824969
9.683471316046592
18.208968612094395
8.172376719360784
7.064661262495179
13.043714156491944
10.31748661206791
7.957135207626408
7.740084581921479
9.525304596318932
5.7603925493131385
8.87304761485143
11.33658841214185
11.207946077796407
6.26022774987797
8.605920483522198
9.568524633520468
9.185306362766681
10.647026166143775
9.064131711060213
5.914579467174576
13.82498170417179
5.307549022112937
12.721831474786484
6.082276708475462
10.36456952621279
12.702981807480313
10.239759990929656
9.062977900238394
8.044646420083197
11.143253179514062
11.159461633286924
7.661958018485365
12.791795606927025
9.397073531321269
9.918908416232568
8.355987842160573
7.582423006636276
10.24329668816199
5.969129329145147
9.483164335111354
5.625275112781026
7.7084486175170355
11.500974571070685
6.272738872023908
9.623876175570587
13.722096299674746
18.436197454928447
6.557581622199706
9.816975413963377
8.61569881447852
5.906717842310286
3.960589678069539
7.917740097585849
11.889056317646634
9.916880458779957
10.528019784631326
8.380925719978848
5.237325629603504
7.566371841731467
6.9197065978713965
4.410166181230039
7.5722856806673065
9.437613102588955
14.880484705904905
9.084044508756165
4.88994986190437
14.340947879042801
12.026220678859175
5.452477532520902
11.004419532782379
7.714045669931096
7.353621575523363
5.685938945604988
4.643268250426331
7.040122087302763
6.102453460331191
8.685345038773619
10.510758145491451
6.325934536181393
6.920192981369766
11.330239273930317
8.623249791789192
4.7694991128866775
6.439012451792593
5.786196026171723
4.724454900397177
5.9590424935388455
4.801455302854208
7.572267799961338
6.745981212015778
9.121137748850572
6.549629984779642
8.206955013165782
5.7504267850681
6.450257111090764
6.085695728731906
4.306375940955093
7.331276410850023
7.267035344409976
7.1342817081970225
10.221960211543944
10.461684605574845
8.927216219716001
15.476682678740247
10.10328469960723
6.641481239834434
11.264712116869987
10.932982811377428
11.949665499972525
8.256797482189711
9.685676942657125
10.891145230702477
7.0028116266866505
6.051089076824951
8.87301667739689
8.572782143640183
6.619328700698929
11.772635772965657
10.355257322506219
8.420294229675022
6.416533223977268
5.654719359196747
13.429231135419343
12.740858447313684
11.6170949415351
14.903686885175517
8.83932270941932
9.748100231950389
9.520448828215763
8.99914775361421
5.816256509780374
5.983384453583824
13.026263679816623
4.842001582491704
7.085433220797995
16.983433274855457
4.948133501005941
5.515582291035173
5.478144311181097
10.673599238140298
7.19113759372658
8.441415486246171
13.687864659783997
6.723238111667456
8.679564802263968
4.886652013973844
6.332287941080267
18.060816272833705
14.813039539094262
11.08928448122768
7.7704430647874005
9.084764802918045
8.927367691208701
13.618603469990688
9.46534186958067
10.37249041436445
7.734800593197548
7.789481739773947
9.577352469110082
9.76002853336604
12.896668149050129
8.202415032794704
7.257114675770765
6.653159800548025
8.213112118040527
9.94082237188016
12.065152559836548
9.719266207164281
12.164745233694077
7.683442344540708
12.665662487567204
10.400650403681482
9.192845892816194
11.024671158263573
7.296485028295592
11.199981160354582
6.27989848517754
10.928128236836955
11.555516870849544
6.774738486124335
11.53291896878983
11.493971189659248
11.465684040853318
12.444132398472078
10.003625246811708
16.974992775135092
9.283172898735131
6.3551810214150635
12.18410604965348
5.213978606899161
8.19830603379964
5.923175860541392
8.354614812306409
11.045053639543369
12.968831459231922
10.44360770439431
7.776963071514217
5.056050197048393
6.6501324933639125
10.17206387588891
10.165366010063764
10.248798786320123
9.35327045267465
6.201229759015064
5.3274013127247315
13.044103242751476
6.743956620714897
6.595177478178044
5.5258195680665665
13.03324487755188
5.5943120156656505
10.802122198797804
4.698424871871765
3.7167213035853024
13.331172285048524
9.85748568747482
9.238550330781067
10.371421881495166
5.348922511473404
10.923576267393969
10.199966435755925
8.111381881300389
4.182694534367613
9.384805363754694
9.201688071742097
11.338529223382551
8.04955611323689
6.390002257445616
7.249061840384428
9.75244910289706
3.588883755093889
4.628723011922659
8.771793541618308
9.649914714975552
5.986615753652302
8.21064603844809
7.70664114816114
11.362213569355816
17.81989939311262
9.860323954355522
15.41528130549176
8.207047240226785
9.523718108430955
12.745656414178711
11.833344158293158
16.04970693456343
6.624929566075821
10.437703232019715
10.270812364083326
6.507999537798128
8.35063030574085
4.6448925544827375
17.666557391129004
7.282669826645616
3.926603870725046
6.650849195593224
7.233972737607246
9.047995324726003
13.249745353453875
5.8719981899473055
6.16383224194206
8.847342778821883
13.48035714257827
11.603336512665521
8.639472781185503
9.66397371247976
12.818279830721309
10.213678368181576
8.351310723301111
11.320006993462243
6.390372564099664
12.366946644916538
5.161037890611624
11.260150343127322
5.9400417517410915
7.738913718405428
5.435606050430323
7.581579261683515
7.146541079363828
9.926795131303948
9.299580890602584
6.753760580863599
5.657284899714853
9.504000627728374
6.116284072225511
6.953106839135188
14.42143475026694
8.33873112290729
6.337625169418658
8.539992493895
9.936871389040405
4.977329289791655
10.699389364557504
9.57667327079649
4.396074476881751
7.1552532378091485
6.739314636381096
8.177510475827177
7.819386577155996
24.296543662080893
6.455260349154514
5.737511307338764
7.4608714748544145
6.589666238694036
5.259889666016079
8.338641343755711
12.937922912491842
4.285063527729079
6.476757314302262
5.747837442474747
6.663681611550629
5.748507989247798
7.38075387751519
5.781944182198771
6.847536661813393
14.778766782019375
20.398553817203947
4.558615910153264
4.187122728450788
23.441743339856345
16.512132121340386
8.891829451203932
7.480224796957941
9.371076165868033
14.339926678837486
11.695498493072108
7.51819468539145
8.52168630362712
8.76619087189755
10.14587458398708
7.04816403603229
8.08647744806801
7.191388709548249
12.356688619144364
11.337932811502867
6.538448678624974
4.731478429897834
7.7700554016522005
5.920662296360689
8.402327138167095
8.018140935615406
10.98272486530712
5.020015662420235
7.535798699210034
6.0361683123219905
5.4087639974659965
4.728878824302313
7.71983031787417
7.7189592503830795
7.106132958960302
3.698359312825602
19.095991580756333
9.49090729006744
7.382492786538336
6.4487106979673285
7.489335905448513
5.856500991701367
7.658747911667689
6.949404588139515
5.238134248593781
12.007509387354673
8.677065528826176
8.53873079688438
7.13360539691962
7.068974824684602
5.11844989396505
6.6794845372198495
13.350095960927064
8.244250918375656
7.838046994475803
9.217201207556371
15.06644739332873
6.403472457979547
7.340796565373751
7.584207689914109
7.325671141201383
8.1031742172066
7.3351859434137054
10.872323569473707
8.209098881181887
8.736905011739879
6.477792734949418
7.512411650641141
6.160826150783322
4.1080727830469925
6.451105002800205
6.435066103919198
11.316911523568905
4.335733640469925
12.741270685233786
13.29340500612716
5.7713890225283535
8.61485764090827
12.315901881010035
7.045356697336501
6.1236938162342085
9.959186168021631
4.7390927906245395
14.34602688740381
14.482964905674237
7.396266526971317
6.732186519981383
3.6410383255812917
9.574053401924516
7.182521798629011
4.629093007950331
9.904922120830804
8.218165455358928
10.292202863723787
6.610827471251071
7.5765066994032395
5.978762265697668
9.228697861032515
7.21015178419259
4.55362982594508
8.338261014929856
7.886323008783847
8.250727964475004
9.203828896174855
8.11405799269832
9.687061406286404
9.525235513089228
9.68975693439657
10.289416717061329
10.83292151203915
13.111706544433389
9.689872968602458
9.706907849295646
6.814946302963051
6.104378438212763
8.676972018320043
4.430714224493244
5.838755797701367
8.944146313186508
11.4808987163413
5.412133594645098
7.32647950545072
7.516786485218148
8.684412188201577
14.580049770868698
13.169279753076864
7.115813815269178
9.970929825315437
8.758726859714699
10.543216931557055
7.4898647212604885
8.828476205658376
5.286310603539292
5.187988008850056
9.91953542643924
7.088443279481737
10.460122448035264
13.974587602307793
7.598904096124443
11.177536916549286
6.474053104217205
13.030739187090461
16.054391171628765
5.822616595356521
6.137271432274275
6.558028913777321
9.655858299998641
9.510500372075853
8.086499546485811
9.014257593697977
15.470732639100277
9.37822879787413
7.88360009312629
5.208459324612022
8.86325660503698
12.201553783597035
7.7997822589333055
7.353567737143834
6.574200727969526
12.544898927137098
5.302103569929045
7.942101252047934
10.194099711579184
7.924645402888046
8.751866438982205
8.302456208422313
10.122448372049831
9.261192881364082
7.191892584577573
10.653165345775136
7.952700784049853
9.367647393748683
11.592834618309013
10.657144479229089
14.10159802152765
4.392896910563351
6.048984122018936
8.21212751971575
5.925867879836915
12.301039643534295
10.298578638873238
4.803331199379841
7.661460025797339
8.690286527153063
9.08331905726476
8.889478467259778
11.342772254026755
10.302918480060242
9.943285069691768
11.571026544636084
7.710747730316683
3.535288526600226
4.018168537647341
10.684832134341292
7.99797757040551
7.801604823434701
6.007931868560689
4.897904493047804
18.676915595261818
6.841064223709026
5.383843953981312
9.577024167942028
11.182958083034151
9.020303125004432
6.540835509084474
5.180135182558786
8.137694771623785
11.117843887114049
11.123051798996784
7.810698187916898
17.858681063686674
7.23462109441769
5.568726224282187
17.866513962049595
7.170691556832367
5.761533053306749
9.65157345508311
6.063675904413884
10.741347504699519
7.6509979016886405
10.143976523534548
10.950261555183602
5.275160535960538
8.702060608799144
11.22443354017227
5.964200025465743
13.11360419250289
9.163166933940545
9.950964365673173
6.1836801643236186
7.235350077696751
7.574948139730282
8.12473920015023
4.846874315240257
15.006616220010585
10.682699566578577
6.873055625795132
10.880708222951796
8.676233413419368
8.243140185279458
24.701886540065857
4.8584735185566785
7.311078033368631
9.52504699451373
6.303025104234223
7.219809542718465
14.292072686464735
4.437615244589267
5.420891944105705
12.808423367962803
6.5647347952441635
7.086311006615745
6.879070063167774
11.570424630039042
14.395798931892216
14.224050370861448
9.355592173916818
8.167907956211792
13.490608549879767
9.082276326251304
5.0089798245130055
12.99912821278437
7.544976780562905
8.468539547098345
4.714536490491213
7.0009933232814205
6.9790385261217125
14.653792014753265
10.67360325909118
5.92969975161688
9.107438324379103
12.129950533738537
13.55198537382941
11.920998262274736
7.96374184799032
11.826996775839802
7.914892929948792
7.610709724119971
8.12936119096554
5.805098581549743
11.749921530026725
7.913601560927674
7.104905114297708
7.918089470005668
8.725583759446863
8.551539589765042
8.717360825599059
8.77869166746467
9.580895421563213
5.131126989565502
4.250236942111172
10.13856536313071
10.675393732207567
4.5253744636632405
11.215630101024004
16.497565622037712
8.995112464730255
10.793886138498038
5.169845765875721
8.61057452914389
5.304644856498868
8.686067481266946
17.1536294260589
15.219495502482943
6.482271245304588
6.00570936593212
5.539449856838445
5.489662327700444
9.81274982746632
7.933351295050386
9.831163209968906
13.438440750084169
8.309671838588685
13.477724482673636
9.50944911906538
5.257948832990678
12.378170039945587
7.23402117138653
8.942906630181142
5.842301297338878
9.156228266824797
8.641538935001762
11.791290654538955
8.662990742995873
7.790211300819635
10.407598104440552
10.929548503889208
9.715485747798766
6.553039323655241
8.922829397001976
6.194352798700805
4.929459383010595
7.737809019774318
13.005880277325105
5.11392955695257
11.098977693055389
10.480287119786738
5.270843204884528
14.909477007874273
5.0279945892632725
11.450061204732094
6.128748327417497
10.169928221225206
8.64305616269968
16.22847260014828
8.46943799502975
6.11457614337948
6.789291542007817
11.968963637066793
9.960136237754398
8.986437647940988
17.80507224935934
8.883312236683537
9.06516334001418
9.792065861578777
4.864243573192766
12.580883198125889
4.848385840698484
6.6658309006496665
10.741799648328566
9.176448649376994
12.350636172076548
7.031535021969006
9.176641348697956
5.445147773391952
6.006597190891711
7.266562253676682
11.888636846601344
6.808777404365998
5.497647086106014
7.816298963725387
9.16611242147448
7.202401249558022
9.09125667097797
8.159758762915146
8.01112867227684
7.56997220072067
7.7150228417971505
6.285522303314622
9.87627235318456
11.914441195492344
5.770661336300321
11.562223336966667
8.40900245395747
5.988767938832439
7.066412901782144
5.47121077581474
11.426713739208054
11.029775986387449
7.444627727452115
6.734329600319086
9.261121764481516
4.6152310717285445
4.142212337167962
7.310878294593039
6.8830174032566305
7.5228170603970455
6.113637274663148
5.58261728090784
6.800333719249863
5.4094496420589735
5.501506576141367
9.905656302787463
9.928670555693799
4.4089070012331035
8.172243748248206
7.104689001804076
5.371927561446512
9.261920017968777
5.552013111226984
6.197057169923738
11.181840539058669
7.862160452620799
11.240666085920196
18.745354567457895
12.366222256388596
6.329646189471674
7.1720393787366845
9.501992159712728
9.249949155015969
10.918596976942524
6.142517350952545
8.970965479347285
15.86999445410487
5.353137334136704
6.8510956789681074
8.308954817784496
8.252653525555786
7.243727019438779
7.444479918428755
8.53923161473034
5.287622666751361
10.06315175891001
12.213278375872449
10.00540746521537
9.713108585710899
7.380231443331468
7.9142780851730095
6.8391992145704705
5.559485929333448
7.40971125906691
4.746192249226851
5.516575165139443
10.14479970623296
4.859947567831739
7.507672457255296
9.573666050519876
7.18071016011865
8.768986576478483
7.973670774816981
6.514639208982345
11.822185934573127
8.503763452850336
8.170040693698382
6.36765675051879
7.386269529107551
5.83840223381614
8.046649206059755
8.28506228071599
9.718347606529107
6.835035439393295
5.832521268423619
8.32559237646592
5.5458474882153155
5.303902477121881
9.901879088842747
16.56549433951332
12.799531125221051
14.213505640961245
7.902441714346537
8.443520669765661
7.503903902045693
10.33479396280623
8.279043746220964
7.869598309818571
7.970903178288978
3.15718419077416
7.625980405514838
7.410795802248117
10.952787990775334
11.332329715919599
7.673594990074946
11.466095998876852
11.038194085179526
17.904604688631593
6.604280982260207
13.923376159029146
4.843635135657166
5.8240418595914605
8.03672020791015
5.265784142534699
15.31680268550275
9.593549353413152
6.33618453103206
14.171575651064302
7.328208715618985
7.540421478981614
7.247155957678814
6.688832361395839
12.051339615605741
12.346376048438259
7.815378005757765
7.933019449436074
13.087948583989885
5.399020804538566
6.030680409071607
7.658009080953946
8.524670827418248
6.545540593181954
8.57320508756436
9.583359021862378
11.580756088481223
9.956895464361196
10.904134147500514
11.45017478252187
19.30943634132163
8.487918184823599
13.5954970054066
14.490635992472448
6.689190292731894
10.380801374678597
6.609446342193962
8.329136586692869
10.895588407130674
7.012056051105674
7.186074139752208
7.910375869672748
11.79222067280432
6.640664670084078
9.449345940023989
8.242735829717986
6.3331803250245855
11.28065852885345
9.082002204202297
9.370033442613362
13.66394868888375
8.581104144652244
5.997747654039529
7.642887981681099
7.626704567786646
12.700505477022375
9.159940540189496
7.030681121250609
4.7259511254895585
11.261973340448748
13.453474988394362
7.036227440819204
6.781154401454899
3.9635834740596465
9.304254028137166
13.264053269925554
7.227885732587708
6.001730094806419
11.272972910370186
6.843243667377976
7.2192612293605976
10.69442587676599
7.209553352451053
7.819852326943163
9.4828751956654
12.931283397424352
12.87223381206411
12.016005583344253
11.88341906213256
8.445175246075024
7.735121251110428
7.419321207046266
6.516379700739748
7.970604940717237
13.132442124629051
10.401250483173897
4.933429109084614
12.083969302791388
8.779297302421526
5.8064904691107415
9.50813559455463
10.855044765529044
9.014326411758901
4.579660338160338
10.728220588136367
9.011694650018796
10.220919722063911
9.965654003947094
8.548806068815367
5.868178335474624
5.443075734157304
6.28919079991573
8.631203292916382
12.691576117003308
8.672790156997792
12.316734871318545
8.886322058083607
10.883447183412727
8.606400365393313
10.931415460802953
8.557779093519628
8.983682988475664
7.728153429336373
8.961381432149096
6.177015402996972
4.328511240525501
5.649166850078984
3.9735100422316805
7.822417020065359
6.978826845790792
11.258417211070537
9.657322548555115
4.021750382008662
6.441626361790753
9.923122627106693
5.3226055241986785
16.698368613423042
6.323051490885518
5.507892683336706
8.493124528825774
6.735802169433299
10.084508048773557
9.497043863027216
14.656067871990018
6.180284537106587
5.505944228906401
6.7583999024795105
6.974196388304506
9.28275311610804
7.242486495827478
8.53745366688807
8.267649886942394
6.283094822079022
11.544230534116409
6.956127188901405
13.572692412883342
20.063115580738724
9.227079487339608
9.940047435511417
7.042296278490568
6.181203383427828
5.197391521081585
11.493227328811543
4.7788621153171675
7.243489210196543
10.981725684703292
4.922355974841594
6.041038039506645
5.517530711500427
11.420446518703784
6.232778389551328
13.139018597473694
8.256614352007148
5.325774934750996
15.340545350164547
6.899795694571651
6.343603033392185
5.671221562508123
7.88001517826811
5.9082057934028285
6.929369740872687
8.524498601431048
10.8736085784017
7.092694298626213
8.98070152022774
5.888609677011061
15.639064053237064
6.717196549567262
22.304531888496058
7.819734634056118
6.475722837217717
3.642853428597647
9.170240350552206
10.823044697361894
7.259589652267721
8.525079533470887
8.96334778128056
5.384465522977592
4.794402668322519
9.02580056083525
6.850623025863399
5.476367794674445
11.599392774588182
7.411637470474403
6.455862488476356
8.233631137178435
7.069026025702783
12.793288532553731
7.623400854905697
9.0735902999578
5.9257899575414115
9.715837267314015
8.945531246198811
6.874725107015735
6.997172491710899
6.209610136280958
15.483747446707099
7.7543633289440095
9.877149034705923
13.347137743225773
9.003008331307598
5.7011542465399145
6.1372358536779075
8.233237416323561
8.19784562438852
7.34415028401861
9.498816242655295
10.929992829801591
11.178867739031261
5.424321614078508
5.22050482486523
12.84455611422959
8.277614222024852
11.287628401172498
4.757331098690059
6.215527521871024
9.03265485666114
11.424159780924697
12.964897454080926
3.9329151341402167
3.1790118013603603
9.80439117512472
4.892169212884426
5.747530735409555
7.062483013807196
4.641253109490407
9.262082601917882
6.278467142522004
11.731856189806365
5.3025624664116435
4.788592725630636
9.31000503667559
10.284738980736478
10.012217932860665
8.968514206317934
12.535444782836464
5.455068194246763
6.842197059805983
9.533330554717594
8.878729152345556
2.600634488906664
4.960323084616277
18.587291120090043
4.719656744628622
8.250878040693408
6.929148679283742
8.045793527507527
8.681152136413857
4.31628033663668
9.074612207141968
6.4698350655379215
6.080445762715158
9.06826178413337
7.008827469214111
8.42611070897297
5.988899786416738
8.432490030306894
6.97104412489935
6.470164449525697
10.074257074719299
6.108626659055119
4.736897310856364
8.897660981821502
6.865986005615241
19.545473209992394
12.569271319996915
10.252646164300785
11.698447214458412
6.6540051530253095
6.8004808311968645
7.659722577011564
8.619995428179323
7.796153433615643
11.360226377701963
10.068647564857827
7.3742415627218065
6.911731567174314
10.794700540774414
6.567233051564131
4.640525758050501
8.898103355837605
10.894462775865946
7.654560337924153
7.376859124830332
10.259491691098702
6.931490060083377
4.5871481851070826
17.644946077542755
9.754819599786458
6.6441535375280125
6.499576232377308
11.280715054014706
5.8018270701694235
10.384797848956254
7.2441174145600655
8.921563333980828
6.2219085856504535
13.384546500358766
17.511537997154107
15.635526721735232
5.164110263933139
10.275349512775648
17.836205995847763
6.027086124976989
11.671232717519388
8.848609995040789
8.464467042240557
8.678218552512845
11.721234385337567
10.911246826124653
5.372002091260015
9.453230773960598
5.64405104297785
9.38442228183834
8.817975512491216
9.982708662900961
11.198262238698106
5.680989139582238
7.0231553812923835
10.062953485418745
13.558743990519247
9.455960280844295
9.473702308022013
8.033649046451302
6.2000169786709876
5.918882383875712
4.458711023666922
10.999963292227534
7.331613125041542
8.033252914609278
10.071788437600901
10.372125267510796
5.165940673670121
8.065288051594536
7.774457324121045
8.752588417232005
6.672710606697194
8.607660772429
8.455401665984937
9.094303424719413
10.779762176569193
6.376997373839629
9.122106844599301
12.308028434867992
12.022635517153816
7.20621354644814
4.648027944020441
15.51729201878311
9.426342312865302
8.878778735808226
8.332963086763897
10.942453856162615
9.710689786531532
9.222155222543506
5.995017545018129
7.178181373849441
12.915464323446798
9.148495598074447
6.444748706229348
7.605197020297879
7.929302198097986
11.43987927921441
9.322944677754435
11.553287043249782
13.30662070021856
10.810204367436825
8.971000903974584
25.814755044609342
8.65501155006254
8.092258909464192
9.392415024031038
14.336152237729152
4.7837604906273725
9.150368623615009
9.867940671137546
10.475697083399837
7.85724507359879
5.044625077215869
6.295938492839326
11.479056153672104
6.783728246058189
14.043542159996065
5.196554912877929
8.663597539497971
8.644083309195594
12.22852288765921
7.329433571858004
6.615383221284702
10.74331444533587
10.868909397743096
3.8447609593787035
8.127000204915731
10.351046331028556
5.779130515781645
9.897929694541858
15.692156637656183
8.584562124063098
6.5588946042728935
7.177040167447075
9.707773957109083
7.764717952807473
5.401622989414392
7.201006715921608
7.6361034431396035
5.485865263507719
16.784801615831412
11.282562320820034
7.739621686203378
6.785230534418673
5.351178785246418
5.903231704166785
11.837181026609898
5.6810260453329136
9.789872894023262
7.57108405990931
10.16107660903208
8.586018957284892
4.41200125731973
6.299383000679796
14.194349080141365
7.688362936412091
7.560764333949351
11.003585688777548
6.6490591499017455
7.580995377494361
7.867893841692791
7.083161963142857
5.340991048726352
7.722094098807645
5.479701865393906
4.634429733416397
9.659737414602205
14.072602075353785
7.422786511873994
7.168148507787663
9.28264813201045
5.165429319423538
7.239225474880868
7.682394659662037
4.818212745177192
4.756124631957334
14.139631441966515
6.249914855476305
12.046212877730852
7.580037594167635
8.334990332259935
15.602767339816069
5.3314006697424645
11.928948103162867
7.546083738476085
8.900376821333964
7.68337505491732
8.146350441515636
15.655981124312547
10.134300059604243
13.618459395171357
11.486788312191067
7.81058773129098
6.60747073452697
11.551485921501296
7.470265396134096
10.326386794675443
9.718526265322282
8.085810392111512
9.799833728322625
6.8579389990641175
8.449675383317071
8.85364232507942
5.590615737168719
11.906732936095779
10.027344318969085
10.244427708861906
11.926380996857063
5.756193041426059
9.373630645461247
9.64157803307171
10.20433151188908
7.040911066130462
8.208824478744816
7.117456225279312
15.733611345464851
10.946048221889498
10.364733993985027
12.013186563273706
7.070327598341748
9.34049032510785
7.3869022578965655
17.215067806856183
16.913040908677885
6.235756043586576
6.847644735295944
5.761240552320771
9.632163479807247
8.552981184429541
6.340312500444867
6.501206389709466
6.729533875543183
8.839117200400835
5.5307952883188705
5.634306331044456
8.630031071928045
12.576943504478578
7.896791812652282
6.919856697436842
4.430901397027924
6.691529781648313
5.1045880293768136
12.825690082301946
7.205218219901667
15.180428352201602
6.884845911845275
8.811638721199273
9.949523434910873
7.776864739377913
7.276567092129483
11.917812853449846
7.376104191713921
7.014419434884985
8.055816276949997
8.3390437889488
9.964658098451252
8.937780193557273
9.667952208945508
5.588497558798423
7.085351513004213
10.513698408359176
8.86185308187737
10.463795014501983
8.604610646409355
7.626499830530776
6.132404403665703
6.19664172194112
13.862963837642127
9.064367588143256
6.36412162012472
6.219016773927905
10.58925973839689
6.414245798538616
8.862320743127015
7.051191158247178
11.914312983160386
8.523618100846932
13.114283965675327
7.331925529054132
5.353991768672699
10.184508379971419
7.227846836571359
10.067629601489699
11.184054196631081
3.8318645952470405
8.368154766179117
8.419054692000856
9.306232386048237
6.486607895207044
8.12267679145549
11.247432453530166
7.96784812872346
10.279064903424626
10.251812045432189
7.77687143283427
5.5997197048453415
7.134567383482079
8.590566327752242
6.3020071746369695
7.206005721204463
8.811631003037192
8.425468573883734
14.155454544187108
11.108965389090116
14.43269394310903
7.6831720099341965
8.809626089272797
6.53146425013594
6.9746503610193145
6.286241798051265
4.04161888825567
10.818783876229702
7.98595711112182
6.543883796102222
13.930159778196952
9.361287325708844
6.912484621281834
6.398274787330578
10.963726118516263
4.72645198119389
7.651646550587088
9.373006123013852
4.7028700735590405
7.4278505001952055
11.652319470560883
6.016221332347413
12.550268914443706
6.432417605872587
9.912738069016882
4.398090739005482
7.614388837195094
11.762566049712888
6.642795279323252
18.031321092491225
6.821363502354615
12.335818341962806
4.933657447381734
10.855362046092438
4.143507357990828
7.268883931601238
4.331723232725551
9.807315533205298
6.486534848187233
6.6345217435235355
9.787521462043202
4.366519654239113
7.3334921743957295
2.8119098153548947
6.763102972158492
5.7160187501162625
5.906335111693579
12.94193833997278
8.815778666149242
9.715948371204519
7.940065932206238
6.007093826308477
11.257770750322152
14.237128228792926
8.547035804665626
9.784074368946705
7.896565948489638
7.222784837744854
10.070594342620097
15.663784178088207
14.417330590075494
8.60437597967234
5.786654650788336
6.659681888008663
7.343239646413451
3.718458693066097
10.513138476101801
10.718966956638837
8.170794727281134
5.20722122489056
9.390857166116007
8.33005956672929
6.151634050156247
14.412567387324032
11.23750927994709
9.45327213103397
7.078927819894631
7.089221975833169
5.621336049196856
7.929765322911635
4.9728277790151765
13.190003692528819
12.861266526448105
8.529653591559196
26.79577446559813
13.052960451730968
11.219292321971636
4.54004755041035
7.466866245071685
6.992621460205498
8.104247612610948
7.325725818142445
11.04196639845398
10.446569174005958
6.064245445720985
8.040712687639228
7.44733124016102
14.886219648147176
5.574724588210046
9.764949086799305
8.877059966501804
8.498278568112966
11.067856633963544
6.411514798346673
8.24219601063507
18.718169175554237
9.52729236019809
7.231863495102772
10.797888360305933
9.710719936715805
9.397549498002405
7.2459069000560135
10.856942027626275
7.914798592522914
11.926476159430138
9.750629750351976
10.283022478384225
9.462448093498836
6.653689472026684
10.349414916864362
8.443777245611216
4.5752066325033525
5.097211910464637
7.766827210379859
8.150102130012641
9.342022073530586
15.772425147159595
5.222904568259878
8.658759671468147
6.8259604103992615
10.286507032050395
11.451357307018185
9.90048503327489
6.069738361463095
5.859810988786762
6.707281960355374
14.488140541887901
7.557055309129765
12.713510415346093
11.520837237676346
6.382151005731259
10.07353985323391
8.331974197184792
8.188776722623743
7.635280533978573
9.309799459041244
10.987570041410237
10.834216168371995
9.311196534197933
5.066521212605238
9.169189209500928
5.661141539909011
6.0092790409992745
8.41461553729954
8.913371467997877
6.77923846513562
6.05622808248134
10.495964388406634
7.11743223432984
10.784976486381055
8.703104046020968
9.513332513232399
9.058570339487375
11.73971196589369
5.197968577720275
7.576981902354589
10.038027142995048
14.265602594925213
9.850091261727783
7.067965903375068
12.206033887839368
6.923015404753258
7.332542855771834
16.050110115036603
6.412314268025426
20.916584733175
8.405008997210587
8.204521387395062
6.081023262355814
4.914125242411558
6.32099894266446
7.91518738909798
9.937924537042818
10.70568572655759
5.552714945768059
8.004342677254812
6.0383037133372
7.826647917926493
5.777874143335993
7.79950968767622
13.644381395865992
6.30729094304138
9.376753942099072
5.036522918067675
6.530389026770251
9.424286231209976
5.343849817434943
6.611436949515621
6.126321640946145
10.308975487308146
5.701267318727389
5.6079031818212
8.327697324163864
11.210169929300207
3.8079061322099506
6.789150233860937
13.364297634899316
6.890710176867685
9.075598419218238
7.690686894697734
13.486073422235549
8.566581629571218
21.46238330830306
15.202942297118597
10.823757026563555
10.590195160513929
12.60641381327818
7.493851323509233
13.608515104054277
4.243834351654726
9.752516893766767
5.24923894394135
7.657295534818843
10.2089572513255
7.449494321570057
8.686122669996251
10.15011158783932
4.949198415434353
8.120409963421025
12.678272499199693
6.556512431697627
14.004511357382398
5.663419355597711
8.78494767615399
10.643664574412526
9.06499172424057
15.10355270078449
7.177667336402806
7.690405129527903
7.469492598637402
15.801722992377222
8.619432418868826
7.184816744740971
9.37367948075601
10.186545572894175
5.767322412727026
6.689472487329937
10.662435514424772
9.158304621566316
7.273632685800322
12.62672457210337
11.605928086012085
6.802227505955329
7.799199363255639
5.695205317289577
9.27871581811155
6.318587575740594
8.73219721902143
9.50993446874088
5.522338394816785
6.963445558658179
5.047063744942619
7.4701874685468965
7.416334466553565
5.294170445124848
7.13923157882428
7.59172885266301
10.508216112817934
5.236531665329039
11.563450678355508
14.279963354175294
6.959113378489434
7.150977620285914
21.86576547298543
4.666725811569961
6.694954674895598
7.57120007382656
8.86597918115352
12.839584964593229
9.281696266654535
8.7026848005315
8.137727068446367
5.183756485804679
10.223886045605667
17.719760254231886
7.893416541971703
9.549067536294103
5.065972084178753
9.185053718386314
8.583801267012603
11.717034712994177
5.574709700445254
7.028304601369342
9.47021853687147
9.156025235789954
11.022272544095443
8.578251639171498
6.262913704960226
6.278884075221413
3.0243614507033953
9.401525522261522
9.09478534848094
10.258884130690149
5.8740935564732695
12.72291224944621
8.807755489388398
8.515525826855082
9.268644302766262
7.064020757197653
9.509300453602975
2.931564383781108
8.012501787440215
15.082145427429055
6.247569958511747
10.368850198791165
8.522353585671055
13.87736085390651
12.655030074132156
8.487635862649256
12.17660675515495
8.771415886502723
5.785388053757856
6.722053016279517
6.297914101126864
13.957607319138845
11.215990582268972
13.221097693905563
17.617897493339854
5.8791060820826715
7.135502386311117
13.72959037920188
9.969814415241729
8.704249046403675
6.495407728727372
8.701995560444288
8.318953340085756
8.079574421928271
6.222207017855055
10.006010369744274
7.483487936097504
4.917699511128546
8.035988563259991
5.2948003889076745
13.578869826026533
12.427559597081
7.030164217167652
12.90466810131656
10.444092171203494
7.025056753274299
11.48104540667083
10.168352458734034
7.808519342908227
4.820022575215205
10.067128260817185
11.914855816599811
11.671030475440034
12.906597424912263
7.315362951401994
4.531785811454
8.880375173862006
6.761439820311097
7.434715735322442
6.279592953152616
6.541716477013239
7.051783987984265
6.597951336073265
6.007781515731693
5.610497971353624
10.717704577858228
9.515649999071172
8.16122246826319
8.214232194901626
8.711978234001378
10.33880746167344
7.955050434760636
7.970506143227595
8.877793994130485
6.98679555783761
6.023109731111418
5.889357720743163
5.551553790492363
5.687512878338794
6.721388018999789
4.6343668825203395
8.418019454473438
7.455978950615787
6.512295231497632
7.541351559664548
8.067476961678778
12.96751657084394
7.0529066994781715
22.2256576027886
8.358810307211115
5.09366578283624
8.397815258870622
7.757645217245965
9.273640760916749
9.649294249764523
12.057640793471393
12.976339041242511
8.271339969464464
6.56749736669974
11.257454546632317
8.333959663428914
7.430099665091404
10.832336245379224
9.90989680405832
6.64958985694426
3.484733678027311
7.115071550127823
5.921244841502613
7.173930329140632
7.4324700128558305
9.799684838435695
6.891279776049828
9.050780951459672
8.99539951771095
4.570923284445456
9.09978105096036
7.281018475629281
4.829526631589147
10.027967213639926
4.891773169551385
6.695374868567001
11.719523944041157
5.391906382408763
9.529401507414008
11.308592523693278
7.354393527398145
8.547800430335485
8.300216879001852
3.563148005256352
16.236719430445703
7.17919659655584
8.970987137205327
8.90256480035697
11.551078810161613
5.471307381942779
11.592551724642647
12.34471339761538
3.659720398893569
6.085280821390711
11.394454932428573
11.13650685208583
8.349893074794124
16.159167678226197
8.329851470055814
8.82682402606892
6.5053552670846955
9.53079564671674
8.22329475655718
4.671356093759755
5.243046692714927
14.696832634635683
10.084913645850747
6.7726610165317425
11.216738822769571
11.00884524600906
5.356163189805358
6.6308067113498055
11.1986968396578
10.49029447260736
7.657390266373483
7.045604566960549
12.308845851113432
7.826306262583614
6.972438944535725
6.802977359176964
6.895174820628512
9.65567464210875
10.291974498753405
5.877812497563383
25.735891983070957
5.209609964273483
11.41317964045004
11.881694762297599
5.998255277002954
9.022808908317103
5.778599613720928
3.8997833171879677
8.744877755948608
10.108444084453879
7.461425102745736
10.414954788950297
6.029364478241433
7.489866974291431
13.657716418711487
7.328632722921952
8.598700316760812
9.268350360446732
8.24235734197083
12.346840692872803
7.241962926949185
5.8602321050721
11.362298518701465
8.230305617222854
14.984537370712559
10.344613792360889
11.7382439521501
5.133294847819968
4.132384140967076
12.962863809992257
8.194045803735946
11.919296057894371
15.944358968613585
8.755469592905968
11.540091019212468
7.284061207694037
6.869868528142746
10.655145218701108
9.474285178670158
9.506545045100097
9.74291937331995
7.479130675492911
7.1005188094958385
13.010137361791777
6.32983657695641
10.595409172167962
4.521339443037931
8.432777181797434
9.767325664778014
8.425483147832438
5.95341489213439
6.739163832899266
7.570452718152552
4.6327101563019255
7.423286619914592
9.898703494114784
17.137201051031127
7.397208412832242
6.265429747579532
6.000764599242018
7.878054456159475
8.55518580920571
9.228284310556063
8.073045279895666
8.977130344727442
12.190079208126775
7.7881978374271625
6.816555699658096
14.72205184042005
6.9444205738469975
4.962293390020875
8.811175357128775
8.944508459536593
20.11930665206586
5.701068703070462
12.795307120481652
8.075779785009615
8.036529103349608
8.897130982192692
9.209695423103227
9.891930819382281
11.207346584418815
8.28968767288174
12.172674393939445
10.881448581949343
13.699949272588583
9.541288724763518
12.852366461743173
5.677506722919929
5.075617597386525
6.767564319965032
9.223743845541804
6.84845522796337
8.10610388208866
15.19954717073037
9.174609892101273
6.791693267431469
8.267927115937567
11.347454264630585
8.009599797843691
7.623788684758949
10.93696700498316
7.730902061049804
6.778965578610325
12.369507123610788
5.672737933066543
11.79232777044308
10.616352402269627
11.924669867965292
8.556858641702405
9.767823146072004
5.490154488949457
5.051526275090708
7.299580536500997
4.953068897326119
13.806690611914718
5.942492962804209
6.264979926798475
9.365140373389266
5.880793175751876
10.412734377995577
4.044301251460439
9.521469383690771
8.929356531949338
6.447291438818695
7.652828267974172
8.683714115842605
7.631908285106249
4.91818450930225
8.901230909192407
13.493532290622909
5.325901393502448
5.890976376693629
5.735231436915001
8.723738193588332
8.344771807569828
10.829459132655586
9.923017396379237
8.780431617259353
13.432908140596368
10.21027758931774
12.318281998164139
6.180078063697579
9.982697601855534
6.240678119446159
12.740030307357443
13.264605552600557
11.866685558331653
5.877866537050693
8.429735449506069
12.672028429378628
11.59769433926948
6.489490672126664
9.206496972585
9.175881965443608
8.523312579249989
5.961155167805771
5.549321872853
13.154414758322758
3.973288851137511
7.779313654455677
5.370793958968477
6.540128138048885
5.977644139482919
7.985039758195768
8.067653836893044
5.1404747134653945
12.07275632371119
9.051687966654242
14.072570163324372
9.893261244966794
6.035496834178161
4.693987567396107
5.741046500403115
11.205307470683664
8.56364227184335
5.743822263136394
11.291565005407193
7.636064292911584
7.230781706262093
9.443671084328969
23.24790488644976
8.607215757087971
9.709559246356605
7.657565156364058
9.819791774166163
4.683066342956408
9.928343168348363
12.015855778179002
10.20673812238914
10.255940247299236
6.352942024519422
7.867594657059783
10.954877101911933
11.053136300837139
10.188027851052993
9.310947915907235
5.782755282803265
5.541250197738151
11.8232523587088
6.612820080359654
9.549988833752195
5.304341485913881
7.7656975524685095
8.688700989014208
7.819316310985499
12.197572354751628
6.8145358231840305
11.849460407251115
7.8484353776169655
8.965673986238528
5.636112732318708
7.591623262656626
5.449993985577535
8.708169373083365
6.421029796942804
8.032208251996565
6.60354424898776
14.402357983485643
10.076803744473722
16.44125877487403
6.697624658593895
7.409278746381432
6.753643827518829
7.042878562778554
11.245233328930908
5.4448160983324385
10.939521334057844
8.215007318442957
8.59039472960518
11.864680230083025
10.64459291260141
9.707440316153452
11.496668282379204
10.038374227862022
10.749392829338092
12.47778728754244
14.266939615028065
6.946525593026081
8.342560137361716
8.98717867749275
9.852212281869612
4.637483474912699
6.4135225609726945
8.757520457780913
9.051814351177143
6.001514073143284
9.40813357824726
8.825527532533869
7.8135097587423274
8.13198148833797
6.01356834913625
8.356604620911185
7.719796691501074
7.553982332085354
9.045750656992027
10.556882034692478
6.498945991086799
14.684042035807835
9.069498462474144
12.300960407300721
4.43194412534001
7.9380610105195615
15.121380689128529
7.19725946866663
5.738042528839202
13.030820525307405
4.633441290509296
10.10280091403726
5.4649831822726185
11.390955256320069
5.649764805705786
10.189096094032607
7.566374668465215
9.926097774253947
6.280802511899509
9.769273425559788
5.5450914818982255
7.697931533114257
4.788061724066154
10.651537510745953
13.12391312158104
8.573219035678562
7.353242652681786
16.43124294887474
7.932048272818804
9.955619105262883
8.287834265163866
14.950097053478117
6.909791700544417
13.410337460633599
9.325417868025738
14.090441091760596
6.291681770928562
8.28753120568706
6.042508617133677
9.336191195337534
8.482686065254825
9.487376200714522
7.110168939831368
7.596725740820375
11.945658356189767
7.95724980328049
8.901390080276514
16.488310724426697
9.358818513262577
8.278671262078177
8.041854189326074
9.00084629365415
13.810956601850194
4.874436516676752
10.382402994266215
11.268206379461844
8.633444238210245
8.87377216738443
13.329626486289783
10.747861559886502
13.720603259703523
8.169316980479323
7.73340707425325
9.704316424433301
7.983301364584861
6.351791382218252
8.9583192492087
7.735425928824583
10.513185340585778
7.6283867585758
8.430813684408633
10.271652101433745
12.556709899744476
7.282052334145305
7.65615371819672
11.892707888113762
5.620674288557524
12.983854843258825
13.427440104744818
8.111126307182943
9.983725376015911
6.4290100830635595
6.990525221972604
6.409556183651972
10.319879915641678
5.084320963519616
4.8883797229370884
7.93750508573379
12.140578892192167
19.483523630536382
8.18200257636019
13.494215872531441
11.998876946433143
6.659172033312643
11.917975807850098
11.412041774094973
7.911420239450393
11.955885303877437
3.820050725490688
8.666303582421847
6.4131048676572675
8.335799264334298
11.349860800860085
9.262845326949332
4.886785447883
9.948780771529925
12.457048139108764
11.508929191127322
6.168372944111553
6.045612943773506
7.086028446429026
6.157740185504622
8.309195157665556
6.638819234496765
10.402485549739907
7.987402052615209
10.400610919439742
12.12191971912381
9.19879505048732
4.53207053568002
10.590955304715521
8.522632656449417
6.431160416095821
7.350011545561415
5.825347460487222
8.70196879851548
6.609244895153381
15.158418250490769
11.948355569084754
11.533869157465091
15.071582860444437
6.394385033544694
9.893037706021403
10.796891929456535
10.76413125338027
10.496020766153237
9.457329449421024
9.279142514243404
6.696012655430479
7.1237216766242
6.256397087771688
8.520689835446376
6.468357166027005
8.599021818116114
5.890619775163941
8.808617805196036
6.215060791938214
9.695154890701644
5.811052991165923
11.435079221434933
9.936986496507814
7.117811371536391
8.74080439370934
7.120816195741639
9.72065240218177
6.930024400572961
8.631518103412617
8.519974586914799
4.5596413996067895
7.9889718687853986
8.205275836230442
8.108026599245193
6.020273249898338
9.84198375871182
9.88784121145963
7.456073062540412
5.142967057448374
9.623890497957717
11.155541027110587
14.64052482557301
7.107778626353252
17.13115549040097
8.17854640767942
6.742932485051426
7.743055527442721
14.560492695915912
6.7289435907818245
8.845187871198988
10.749956320398638
9.166697762372905
7.071632767497761
5.10269789061951
11.883312728955502
4.567475441517615
10.784365897706095
8.050601725321911
9.943953793195647
11.238092777233476
11.139139893679982
6.100897890184513
8.989533492133688
5.846309578849031
8.796703019446284
6.930956495597627
6.67683883165374
8.459431402767933
5.931384023571184
6.82624493384688
9.66645954055943
11.014664374649072
7.2249694803144
9.715436572610969
3.186844835679153
11.23395897473921
4.939607774657588
11.786023758123406
7.670487498624283
8.864801054256873
7.081766230269807
6.215725062761294
8.689618979712321
4.791766715762549
8.674519570694542
4.615117653114851
6.1770655914514805
10.847691988460639
8.793708287837163
8.530425284106201
6.718293486165408
7.768355575769817
6.6322454902316395
5.632176859047405
9.433390347601602
9.105571056603992
6.074818253441521
5.783326130234599
9.425873128345245
4.983526350391514
6.9079354895748395
12.853712944765334
9.08494388509925
9.308009251236314
7.934217403205196
9.26165619649781
10.911255814664969
11.348870315603989
8.625784087813713
9.043708344789337
4.908039164230445
6.06635707136445
8.620219900949309
8.568122892116918
5.930181082361287
8.10193606386838
9.461050355437692
6.553490363185631
5.738155326437976
13.918859084330023
6.231852368498608
7.781963707763737
10.03723547811029
11.608133236485685
5.9487952588742985
7.55455654759848
4.969409628231688
7.313534497394613
7.55031473849516
12.584924327050459
7.799409507779785
4.68904955805985
7.352819635711796
8.401177953445256
6.956756308747572
5.265206893931321
7.6620697892090845
7.5886562620474365
15.643145703121633
7.910425528775136
6.314859617869118
8.372773709628007
7.113233835774764
6.068719229666044
8.121691587008229
15.63633026845298
10.8045348931293
10.258605793457377
14.729529795119447
8.040179157788515
8.137421611304717
9.951577144991518
13.313621531222736
12.747069402227964
10.531402051821516
10.645952190101468
8.150843847460237
8.51032802277146
9.557115086914678
8.525924095614954
5.493331579532935
6.839765611656958
12.46110402979511
9.67650069083453
8.298786902679325
8.803160497990575
5.997114934148982
7.417708083732606
5.943409347191704
14.465325812439858
7.677483591142391
5.293067439823062
8.276085480727431
9.986763007307587
13.509573248971861
8.495885208155642
6.67201912082038
9.687013022372582
8.978568679795004
10.73495648316873
6.167473516832445
5.945895643068468
13.22560425567184
11.86735138673734
10.874586800453443
5.490795827275349
6.197440042198394
12.082489493618652
11.337769924773738
10.724230642249296
10.135628784975154
10.131758618847158
5.520400502884712
11.242136715882054
8.274004582899181
6.802466942197697
8.212453687154493
13.545723590410745
11.895765789533556
4.696471656789441
7.02068608468133
10.623524369453378
11.258832865898768
8.062473412808117
10.147754294391234
9.321361878458333
5.721586978149645
4.993827015622514
15.39399373076975
8.016862330140384
3.7576270524612028
5.271639911246524
5.075551404616618
8.399750390259243
8.429152977657935
8.352466539571168
6.638436783159506
8.769219039653251
7.763270377392757
14.567978997093803
10.378706175867507
3.0187747665282103
7.758936041777446
6.702620416863368
10.899590064512637
9.396611672966714
5.8717455437267745
5.4625733342241745
8.109613801825162
6.655220794176955
6.50477785258758
6.562420770632116
7.643817965189555
5.233782532990887
4.952905472388267
7.66301399833506
9.86758991551423
10.705707892167055
5.227515564161479
14.644854543886765
11.063277293856686
7.938583445766881
9.289305515752915
5.730985804655916
8.513797118116685
21.098150004949133
8.735472515475607
8.574770728846744
10.867950238449595
8.114312729036357
8.360482308637017
11.067667357856038
9.585172659383602
5.61519889995526
7.299712362532659
5.098605894414135
12.64502744124249
6.831691082711274
10.183683821821603
11.688874659078635
8.153827000452452
7.0771827461929036
8.023705006723361
9.273696078234025
7.548713172355434
11.959486024300475
5.710088993305931
8.009478150165819
6.4489618947994245
9.630598907780978
17.0060914744372
5.438298086496758
8.188531663850881
9.277051490499048
11.530178922872096
10.925624630395248
10.911119324891388
5.887138091492432
6.313706381744765
19.744152619415388
10.84210197760089
3.8775951390750265
9.095196173488716
8.207666961024188
6.631688090570833
6.225656856247241
9.310097240877383
8.236875038046492
9.092342150198675
8.266457185608743
6.676363381082382
6.586053298288618
5.613800168212009
6.223467645583042
9.567566723644688
4.964803784109733
11.203098458946357
11.525774819653378
6.852044320737065
10.610282339936504
12.59699813005227
4.546210500927174
9.216038066955036
8.699486642896062
9.391565047485017
6.176502999546415
14.751510613152561
13.648818735356599
6.296417125635685
12.44927196194746
6.405645613626575
8.629902928958984
7.827840496153925
5.539815880125957
13.432673612102633
8.584079142727461
6.865857928693828
5.934229975316185
10.246035114805949
14.563185351168272
10.427874881808293
8.777816529571624
11.399094418836398
7.09780881440048
8.086612497587964
4.340128615258379
8.194850082978945
8.792991576378398
4.956563024850425
10.282526855407298
5.841788617741372
5.389218229521589
7.0970048550704234
10.598317957981862
6.791098623420737
4.388833551550533
8.431322609124265
5.201474537910315
6.388348085933728
5.267173176411092
6.941357883137471
7.17062367703744
9.648164059631881
10.926294299336377
6.558658221197618
5.2518885261314665
7.879229571731116
10.155160842924744
6.5781929048519885
11.698662432873505
7.133157291088651
10.137461995613535
10.396359263528154
8.26784736956958
5.186335042398781
8.790110866749046
9.354843965444388
11.471666340828648
6.3345053696104685
5.788991941603442
7.992022107388351
8.79747904689026
11.569888507368944
6.899169391689384
5.33262280315634
8.411655055736759
6.928320997403915
6.103475713542849
9.811979275879594
15.799120425458767
9.220274518625132
12.27114041528526
10.235366378777456
10.817296764450461
10.72238962999623
6.998309362561656
8.440426777026119
7.2144248952412795
6.582308003412379
8.468046956045498
6.534637320906455
6.693083896198971
5.262343793082238
7.743627044725002
9.483301095068981
14.596882978215632
18.511833606013624
6.837843257134011
7.242675449279261
5.667216059311585
5.832069500450842
8.100944310273746
9.509171897220142
9.304537961470345
5.152741294647484
7.800077619923968
9.611701042014062
8.35236123884647
5.708910343011496
7.1247664680827825
9.192412236268368
6.1515013456240695
8.902422028571834
8.53702032911309
7.393788382476828
6.301544280363856
8.066375946013181
17.998364714182856
8.705443354731898
7.785161235558974
7.776138480906241
5.434584199345437
4.745950310452088
11.556270253460525
6.084523911284805
10.864404566561262
7.851259055754326
13.843118825259353
11.42038889656024
9.871019341556377
7.6768128205801816
8.263661147371579
13.281195305810456
8.63126013513039
8.167143581560879
6.07286062803405
8.679773250756398
6.889972117849567
6.478541164686305
4.745239711949381
10.674360931226488
5.6611039718965515
6.085948572358603
9.179939995830011
8.973649386110651
9.017258021477772
5.903844222162661
8.577905767214759
7.882103236300395
10.747236576677864
8.78217039252496
10.367089320329967
8.12792845707267
10.240890730974769
7.19047683430756
7.204217541285061
10.56559319563685
6.901439555990322
9.5104155429064
7.083494710692463
8.233468904033344
5.837606451593956
8.600342398667493
8.213209429477331
6.577975991803157
8.16852630567675
12.221099376694468
7.7421452662995875
5.167967351124105
7.244234077328343
7.283027345640619
8.141416954515933
5.280457434595775
5.985692531862668
7.432624048915358
10.47027236161324
8.176899426171843
7.6567548023340635
8.994962863496568
7.292627153041508
13.171542026341285
5.368762379573241
14.918836759364467
12.946711226856905
8.875412951430604
8.277844111729138
11.5912174280069
8.27379584485007
5.7221492674782155
6.688361826936813
13.542864826817606
10.887028768568683
10.092487213729243
8.308580118959071
12.434698630778513
6.221479656304382
7.869892441279916
9.812504223247174
5.150496394022952
10.077208845360786
7.510994422961232
4.948552093365066
7.381465358761233
8.469803988926827
6.226944584972614
11.729210049815492
7.105088493658968
16.315679923892617
7.5072141029162935
8.458195243817869
7.05197818138231
7.803298984956314
6.236988284612295
3.2513015170039523
6.19577233478995
8.40489094630621
7.648581380302858
11.196952870799691
11.532361946028658
10.988726947914586
5.81314764891539
6.89733604862829
7.445243709702993
6.794963128799594
8.181903758901456
5.69826392144131
5.405583692146962
6.59644699891993
15.139744079125705
11.673874552906568
6.779838380108544
7.068115382260061
7.1759471546446605
7.683905420589184
15.695359781465754
7.961647070929132
11.235668700687427
7.5289313350951375
9.68508511227725
8.015485344155138
7.827444348014467
5.209406366715712
8.239768009272126
10.373979923486132
9.973808990002851
9.267310963720973
10.24117237042276
6.713018057705426
8.41097530855501
10.18375393091236
5.931004268476812
8.0009234977978
7.6141528228469895
14.976095268958147
6.840916889524522
7.259783321754924
6.916430099740211
12.813602624839376
5.9485991590159415
7.279367070298207
8.61565570470944
7.265297758056846
9.709218418491702
5.057058528895851
7.452969320999415
8.414700337208927
9.201785181066839
10.788117092518263
10.707821412382032
5.1561356792984725
5.207931972471755
7.592107013105135
7.915627045640434
14.06890803523936
8.655988614733417
11.154135880555032
5.6232416568659005
8.719041241522575
8.689472050692046
7.616665611115394
8.247846689875985
8.43645580918286
8.818397503790237
5.501009131947569
10.70246849444311
9.506479288428295
10.109190203693515
10.447119210372989
10.77142598920534
10.539951467788427
9.425307628008483
7.252921136827581
8.5557440794297
24.717256167936853
6.189639328735524
11.542245515982245
10.441363395232088
6.867441599804891
7.8151358395979
12.366737390236437
8.486270599693682
3.4795522609651357
11.953862665164849
13.904079811782339
9.560246709065098
5.6249552205770215
8.127009020750307
7.267030421999607
6.128356868967245
9.092591833260599
6.7298397042148395
4.051160843583801
6.071526294051836
10.106568109628341
11.631000272546345
8.009934121376205
7.043488925023837
9.406105647551072
14.42368438395522
9.198822046954604
6.045469176192086
8.40950319054889
7.413643303827001
12.56662614303599
3.258877175279139
7.562889237468767
7.703822844596118
5.116753596245303
7.795458734320164
6.676428205135721
9.026132992326382
8.244266864507125
6.1846527297625755
8.277008973506696
5.73160289864677
14.140897815485204
5.72325690510624
14.486032634030295
6.763834791512778
13.637913178447207
10.421768197426871
6.630918848282079
9.86419882455857
7.113629431350148
8.45590674636449
10.711199991680957
11.205352622517978
17.757305813421056
9.931832599971386
11.432704897286442
9.90249106165325
10.417957555269709
5.388093694701581
5.695806453988013
12.265275429702001
11.0771867322145
6.0838568385901794
10.848503921380114
6.256821429620629
8.407627522742501
9.181632198749696
5.577734953784045
7.0272500446722574
8.258130002996495
9.870853173038398
12.709203892619655
11.241294965157664
7.0704480698924215
6.5876628583009165
5.132479555289763
7.07291927951141
8.3315431979955
7.20944322263972
6.139436057150476
11.53527619670706
13.332668035976468
8.461899069260653
5.809123934927754
5.706280044983714
7.8418802933534835
8.175792663243499
12.745202374755138
6.3580785758396985
9.224373311782614
8.273351589429637
8.381335434823285
5.600147066314207
11.939133070095863
14.42419289619454
9.46174074599054
8.885439024163077
8.611971365090767
7.370772632672583
5.710024915434047
11.656148791108365
7.412624892235755
6.717419013656638
6.786590714611378
4.679782580604012
5.057469715399833
11.38111376302831
9.51601102777721
8.847454148909321
5.051576980215941
6.059284018868226
8.730229041745275
5.874808231680817
15.106435593147154
7.4973453111928166
9.596508773064613
5.337500352623209
5.449571435104332
8.135851761961817
9.78694733904831
5.841364938490159
7.266940231295109
9.248672958637655
7.6408137476215074
4.616006691141109
7.281586069248533
3.172450832506854
12.73788764910455
8.43175868453227
6.940574666497469
6.175357666682544
8.334465352073664
5.700020949522752
8.517081414595964
9.798631820639457
8.486106654804217
16.318672555689346
8.52269798280588
6.822212288756987
4.9411705883812544
7.358759371102167
9.586648112765744
7.781206980079844
15.446422664325326
11.929908383607255
7.163195190341554
15.076695770574247
13.04945165037256
8.299876909790243
12.935464819293657
10.918165691074876
6.2381779104831026
6.791074602577453
4.173335602728059
14.669766920892016
11.69852417883149
13.353064222916373
9.325970738806717
6.54133576627666
9.835224593953171
9.835980174881001
9.92537049076364
9.13662412531609
14.370144747023204
5.2810403182187855
5.246107687025756
10.988584219682991
10.549829065647032
11.362370585326232
7.580475546028964
9.979368198670642
9.433938504765592
10.462230881519105
6.028557584112349
10.755636042625525
6.521971384155449
6.031748853948898
8.618904650284946
12.642098582236486
7.883520465482405
6.277054842193337
6.765360937238626
5.846887669849679
12.129021309562802
16.23165484268023
5.042520135805745
11.99022783769908
6.948066444875849
9.883908551229581
10.287182105724241
8.989693496322559
11.658371016659231
7.492911199840677
7.81043665603957
12.930890884756082
7.190045237263632
5.686759336194115
5.4868514940419
9.119903304225488
11.217991492387881
6.3695564904283515
14.012611177029385
8.97169666718915
11.623339741413389
8.426264843172873
8.58234425056645
9.71711376687469
9.564694204489797
12.644571932112882
7.072837298922252
7.9106024585966
10.775490788569186
7.702508641978966
8.947525719064458
12.661609997734217
14.560714701651193
6.4829132224656405
15.826292768745418
16.76937179681218
3.279645382456323
5.260074411285885
4.938642124353407
6.949919911681064
6.13069117195559
14.753416523848273
9.886512949890516
9.56152065838154
8.399158169530551
9.607352251824977
4.855646630063532
4.458505585002513
7.708238711020442
6.5795909243795165
5.467631048707972
6.421441729085984
13.6375043542117
11.337103459981364
7.332319712450413
10.13507253898706
7.368656331609884
7.742173975970275
10.57214410167768
6.426258669989664
11.1064802485688
7.710473422869882
5.059307277079739
11.760073919001883
6.5459530211423385
10.593550319514577
7.486545556866872
4.113110958134087
11.185536915365645
8.012744395834687
5.8758191785695715
6.3838344023422735
10.089511713905495
8.124554386113573
14.651335028538995
7.689393155379975
10.673975892513397
6.065098300839509
11.239496910612218
4.229295065489609
10.346899753233032
9.162052861596464
11.114155118730537
6.877853883886473
14.396498038662372
8.316006332831336
5.870224373301255
7.205438635466777
7.736969590734901
10.210221947667208
7.565253941702736
6.6031137634114145
5.975329072460028
10.066579042160555
9.066668989397328
8.634299784620197
10.635526092309107
6.918574811567794
5.982602144233965
14.955737591849271
7.258630493073412
7.067389790405883
8.111702291053234
7.214373279130257
6.387060895326215
6.672896589743317
5.456775319508608
7.044469120783106
14.450931611591272
12.446835955140926
7.393217140378539
6.928922823344351
10.14442583289906
8.809993896537605
8.008583332247866
10.412029679250793
10.323183936481911
7.036726285533177
7.328070320300441
9.366601916189268
6.31820790304414
5.846838549979822
6.749529701091603
5.1944451215894105
7.482009067117815
10.722834513048241
13.12553809252438
10.803774167397876
8.866090139226884
5.301474869021632
7.150526182060332
11.979608316362288
11.918728192048746
7.690710015695288
6.161240368039188
6.788393885044513
13.646135658611911
5.885330521945917
7.5396899023677975
7.623122262880798
6.568510612529678
4.597866458815645
6.611614169543344
7.609594715939124
8.631831062673996
5.87182837691978
8.905283653193152
9.969715966711675
6.626770883517395
9.055211865534773
5.841053049667579
10.268612044194981
7.594588448043879
14.449100120544813
8.160735336630353
9.139713551763947
9.121923413793809
6.989799889195723
6.041731890135054
5.380091398706298
8.77889309973719
6.965336011874541
8.949264060925088
6.304785213190257
10.260818152078969
11.946764452706645
10.420547998049273
6.4989953776445475
5.757191018522832
10.279230042743308
11.102019364712419
6.58299985984587
6.9909297228720675
9.629616386834869
8.59792900677644
9.109038428116378
13.070310630866345
8.717301382371403
9.157333033505353
10.54353279837332
14.114225799708066
6.080015374051015
11.925399309922454
3.9183536331062214
7.848119749051875
14.529716863404332
4.964766026730814
5.319643177379362
8.085706707527066
9.75801919622009
8.606270812162052
10.677286451129845
8.901215902022813
8.13881881844381
14.445322700411992
5.243147937834408
6.897960708163339
11.551911935353331
7.7269958344097915
8.11244367416802
10.68623944385405
6.938310625478152
12.639886363561061
7.064191154552276
8.683908569957737
9.460511746181908
7.380329082059973
7.092922479396009
13.564941177329587
6.662367905698375
5.4188730677430215
4.4487663328233396
6.332181341215772
6.77353524619366
8.240551812432784
5.407038959123156
7.2238972394737
7.207106534374304
8.215498478147055
11.638493693824415
11.560635360448401
5.992595140383884
10.071197097382566
5.941426492156012
15.585896504578898
7.042414186285981
10.597949542151895
13.799505384012434
10.360187187679486
7.254211378059495
12.05390701060307
5.204598988512657
9.389204914584752
7.073806137008432
8.206097196363828
7.859509880737761
11.466451583254354
7.568301369981754
5.848352501205511
9.71836286205479
7.893142010329427
4.169437812515298
10.11528866275431
10.036827847376657
8.55581430363253
6.29501729035286
4.735398744208879
4.428659909982315
5.670759787461435
8.028353726147401
8.010239795924576
10.343692057674716
12.686672591895558
6.869165869228141
9.52330614987335
11.097969526399027
6.420594503311037
6.2769648939078735
12.282607452447877
8.325630475285095
5.279657986800061
6.86158105365584
4.9866872646205564
15.90911184677384
14.011893475965081
8.04750673644432
6.201384781397138
10.729767241560154
8.76767178387962
8.762329493508759
7.764679037085443
8.73910074474665
6.413831725065137
6.025028875195517
7.187971958342075
7.649058250647755
12.842535706486473
7.669418071247179
4.870061762860189
8.918297469646006
6.479767368427673
9.480173691807863
3.9666026025304006
7.998967034897419
14.855902777529906
12.151224766680514
5.607933025565671
9.516806133842238
6.531088898047614
4.147793240863621
11.046306804665107
9.982306153659465
16.8107631783017
5.853402224665842
7.1826109513011716
8.327051564703169
3.591005896447399
3.6528276414719585
8.037486395061421
9.764001528863815
6.511864729470517
3.0914013883248117
5.1106744125553405
9.547721870002334
6.3498344117538466
11.011554093243973
9.6372635447417
7.08953492968638
6.561223090205658
9.167441844685214
6.452170800658848
7.7227473770159065
8.461214865844909
6.257490055326542
5.166106027837458
4.34359528327829
8.537219591928249
11.69998751653452
8.914232778944012
9.169857227411939
11.90672380636947
8.991549879899054
15.54744681716653
8.122521108945222
3.5568239616876838
9.369889482527128
6.380635600368748
17.496428573012594
4.8431591812565955
9.060136753213044
5.940421306271176
12.839096709349462
8.437547215007527
4.214450314808062
11.270256765719552
9.580461611112128
9.707320594482155
8.981352387370407
8.106953688352462
22.718847624608543
13.294581114129443
6.37609593499991
13.452952991139966
7.464277724619478
12.151451020537877
10.235782620949465
8.837976566272658
9.76094250445965
12.525563800186802
11.824801282275843
10.316031606289869
11.567969458123628
10.408327342291955
6.9792332088808
6.552401741523482
13.43416527755636
10.051310713158216
10.786920877465889
7.5589631112681275
6.235784483455021
6.095786828343591
12.668708625596736
10.901823665534806
7.165327884900989
7.2436316874188265
5.947518249289317
9.302350472615274
10.999084625014746
8.650908432901872
8.171634664569922
6.529413194565251
7.9497507484203425
9.671638067709893
9.086737348128509
12.105719002409131
7.477630653092376
10.696149294603032
7.851417370418034
8.125688123598081
6.329420529255216
14.609075636143928
14.721754273774025
11.657988813532612
6.8458600627242845
5.590239802440294
11.736408201327862
6.592666542160089
8.81786266857165
6.9721339812071506
9.041192667592526
6.407526376097195
11.568571265648757
8.435196639261846
8.284646603102885
9.973139749243643
10.675052036532918
14.205881270550748
7.485199825221798
13.729269477246532
5.496252875158035
7.183804256202109
4.302680123297819
8.439205312968028
6.500844228984164
4.9052070674605375
12.841323308386308
5.494871338960564
7.965355319474099
4.533226756115084
8.641861378272836
10.390891475494328
7.311182042911412
8.501477878716287
6.424412408636499
8.703516346816599
3.9404055647234486
12.785199729094046
7.509569968608986
11.114305599107695
9.320078624708799
6.13499607538273
8.600136420578224
9.305761677942996
8.976638259161206
13.638103581192155
5.730173727720256
9.121119935336196
6.595123379530776
5.171154318671569
3.6424258975612815
16.534963860206773
6.782309703703135
8.88937663137392
9.28823822080301
7.317602418721293
10.703179108916316
8.772561577677038
13.226332562316372
16.22227896024026
9.094653650287768
4.983259396172997
8.59972441022714
17.150670753152326
6.884136757399261
7.803667120019526
7.120404856757375
14.156610044767348
13.319144802749008
5.260170327826984
12.86581364806031
14.317469428810057
8.60429989913061
7.249184347583139
13.051820596989785
7.0798099730513115
10.46243281998386
10.727448246832296
7.050438637938839
11.635833613317317
5.828574180192618
4.913639436685855
10.789908760795072
8.546883244617419
10.434490183597603
6.06885959686349
11.964582172933376
10.44257131325054
11.480418449013001
12.511379401369027
8.921186490572182
6.058949325811852
13.634059096465364
8.527973401177917
11.545255836948911
5.23793143985128
7.622276321472867
9.490488770805769
5.126907408066302
11.767139780727064
14.302368165033585
7.837541736200052
4.051199040558416
8.991660173407553
9.919568702207727
5.455575133881268
10.332455450260966
14.53238385672546
7.454132896679681
12.512022519145688
4.4982042797617225
5.2799985303235815
6.2373922279249285
7.918590612468989
11.974977102968666
15.307083119435106
7.710555168130384
6.867046699306002
6.66367213228807
6.024650669666414
5.193100289325571
11.604497856604468
9.70478685186822
8.30052638402276
5.738743583867432
10.383658297500176
4.739966147085468
3.941330311686343
5.306607532964392
7.617578941847313
7.351055430832673
7.583754997774008
14.43081622154017
6.352553435483742
5.085032965125492
4.892672458353644
6.94156227275235
7.794524909131553
9.800995594484618
9.030978808182795
11.09878846103885
11.102117983654807
11.555815694111402
11.668431640501609
8.303847334734371
6.235621422186085
7.917731653048563
10.04030410950844
12.005668852087297
11.996591044278546
7.641831770009304
5.297710398940779
5.386218558330626
8.817242236788957
9.455233544270556
5.130330363526042
8.667301441019873
4.164470258488393
9.734762481749897
7.170235726851672
8.716618513276245
7.160156075266144
6.966569203349337
9.62460572788109
15.251727044689005
9.545342036192494
9.397048540089145
5.847513740956373
5.8045872256341795
5.312705286331095
9.101557916689615
11.481601187861628
10.836313740124098
10.03308534779373
5.866241139636259
10.975329058476774
7.502345641035419
10.936671725845088
7.761862431675695
9.130428293034612
4.536662288841086
10.983484621832474
12.169013170403304
10.409549417439905
10.435443812365264
5.450811400931741
4.573025248130278
6.219063277226724
8.005517522029095
9.04649910088122
7.715066036998621
6.294959437777521
12.123173932949811
4.92383636393501
11.243147648240807
21.362096827148008
7.39092640230669
13.261429553097685
5.781577704021714
6.944019730103747
10.595312655828195
6.7239829640805056
6.771761007156698
14.531836061573784
10.975877893318994
4.009567258234711
10.56531074135367
12.853943691826942
7.772736847031098
11.5087708946416
11.06347103480698
13.818493734305633
4.356406518767926
6.199176875167524
9.157253023357669
12.291568287410684
10.296749456035798
12.656635159657895
5.7643804118006585
4.685630505008504
5.2977576232866
8.63802659463775
5.1896294770230895
9.34114342861119
8.500769024202782
7.031509784163987
10.178009708749812
7.84260088283807
11.328290730900676
10.994515660693025
7.4443073207618795
8.257524488000257
7.5923290076096634
10.866922158836388
8.830824556210047
7.121303394861485
7.067728876014598
7.092291982834439
15.98994498723036
5.506165377387163
9.506834637337079
6.630803355982863
8.647648974198248
11.186490964514661
4.173500566867688
5.7224179410114
9.211812097167154
8.89506056778933
9.179354355611963
5.531425308895507
9.776957453274207
7.963912220141793
8.427830214166335
6.7309201948103805
5.17424879756949
11.110472636771647
7.686141445911517
8.032884815255073
7.152048621297951
6.773390566887457
6.7092636990939525
11.117632699452543
10.550231592358728
6.127309334712095
10.407731465025165
7.36004295378396
9.35423929052888
10.125476395335625
14.920216050533298
7.648646926728844
4.739581137211275
5.082487388141601
7.368448391492564
10.268261322296212
11.303381501610119
14.59219028745676
7.640754954545429
5.6495438390798824
9.503618530536812
10.971843208201449
6.080720492518196
8.53672900625952
14.948372978515692
9.10971992071984
5.49938813308637
10.63798668997174
8.77093884098241
5.970928985361212
6.45870630332638
5.35511286324558
6.087707641147205
10.905066109430493
5.819736923312178
7.404359928670317
9.072226368153991
7.273072538301761
4.803667688855398
7.0442421774313
6.798660301886599
7.948554443077171
6.923283451647478
8.298307240091816
11.425510005318472
9.706890920639523
9.989345347391833
6.470033285636362
5.833352404918941
8.171832328327696
8.923247101825098
10.367492124456419
13.603228846944404
5.620945678535179
11.984947601751344
10.67484593752775
8.85009999694529
10.564758204260102
8.142334424393823
7.557117913159601
7.555719004416375
9.08327695970155
8.590407688899575
8.842814016345073
9.104215091692026
7.454783597990286
6.051370442683378
10.66680443424761
15.785192291812933
7.827691222748939
8.582940980997193
4.218559061426419
9.035774135138496
6.466239352553657
7.500648292909034
8.211279026163965
12.682812492153147
12.96105269407417
13.463530862250309
10.031748039856296
6.830073023050886
11.007712910019478
6.794412981774684
7.317112967141895
7.096319712462758
11.519748867117869
12.200947429480038
12.11303754898654
7.518901839294074
12.404904865349977
11.419415340033567
9.345754858833402
6.06261462810474
6.038647946247181
11.026663528743796
4.704318631579355
9.711609863776658
8.733061551686689
11.273708924163316
9.460721566578712
14.0598802762606
9.389274142362666
9.059578440245957
8.570951886895529
11.114615668601687
5.907009192193129
6.5288855718901
9.905206499281405
8.349076070285832
6.817999967463237
6.217010424313401
5.349365349045996
12.64235173795322
10.047272125566565
6.923849244316216
5.042643036877877
5.871987923934597
9.058681347115964
10.833809251553987
5.464450876597795
6.649094556964457
8.057502395482032
8.41253860653444
5.4071918218908195
14.599413349313835
9.362322389371144
5.4875082762326315
12.226871526932456
9.609201677171484
9.103609720516715
5.8169123843915145
3.9920203399466914
10.330759042551193
5.241027814254437
10.266779652351602
6.26314225202799
12.711943044217662
15.24400105935257
10.31365579285972
9.609725283665227
8.500945481297293
7.761582478891995
8.981361369827653
5.289350500467094
6.0293811995541375
10.473615503860373
13.610535469846354
9.968113194799855
8.136957597941745
14.89890287932053
8.331000047053749
14.573584542727076
11.31819329972862
13.390161195369586
6.970714106134949
7.705040505641165
10.537651645151925
7.004899698879484
5.744632006057486
9.34819564581997
10.643983877329532
4.057982829678082
5.0943807964771395
6.0359188268426465
8.178178601792979
9.132360209238755
12.326452400719432
10.130161037929895
9.319576416731024
5.994474888862868
11.370022062592597
9.54343740368725
5.557248328602071
10.454274191643691
11.102896148896662
8.905367375438459
8.749459323557375
13.80160463201426
7.19115669054537
8.543626720128287
9.505246198961203
6.6362726475013005
5.247767817377138
7.915542145146389
5.013804391962168
7.066438761753574
5.869390472233505
13.62150498452641
7.155608265884354
7.357617189479242
9.372624259772635
7.918944198824931
9.124442435402983
6.2529971667685516
10.131510762273535
7.635595689390328
9.029230750908937
4.819967195023764
6.543214000110908
17.444112984630777
8.740321457030944
7.50426888296991
7.836457946735749
5.672781352029375
5.630220384275816
7.516183882915698
13.574284984928056
8.74504646347333
10.692586716191386
8.635737671914853
8.474786565224235
9.67197433824191
10.924680937208308
7.277619084052262
5.968391485212408
6.883329967269731
13.330923668826301
5.354652175257172
6.189454438549433
12.979440443331299
8.059449481893068
8.80449781393824
7.883431411457835
11.184393426169947
7.647331504555126
13.643076321336423
6.71402535292026
5.292204462716029
9.589741250142453
8.50964764097597
11.18277158668468
13.100614314399223
5.299107180335795
12.996199663272932
7.416522265577385
11.031701148322213
10.255205978064623
2.918424876344986
12.474124576323618
15.36899320663062
8.078702870407568
6.007338316936142
5.83256716688237
7.28650222419941
7.335488068111459
6.576842759472839
8.451775646516865
8.738053894632372
7.056350925867406
6.491860657379334
8.356205142422368
10.939365505475337
11.93163628041529
14.111803120695328
7.518174205102696
6.698125298954778
5.698257420416809
16.663442399434246
6.610662497897522
5.475033168917577
7.660125992728524
8.17046112724006
7.389836062514206
7.772980842438386
8.014223955316368
9.905712327819316
7.213273070391352
11.00627912797529
8.987350537463783
5.382252723771842
11.785945057988812
9.818216452563433
8.492743637958
7.975858756218116
14.791243822753358
5.761373822750755
7.786640099660758
4.947843348526305
9.619636468362444
6.614856266233545
6.703371146958887
11.684597646654822
6.268298192645801
4.662108400753141
5.261216698749962
7.953445370300102
12.872034093539384
7.071217283214139
7.282864669506068
8.321896373995372
5.440186277080755
6.873972993363452
10.787276027557994
10.89166968148325
9.99571728393937
6.645142688625128
13.799975464662111
14.059205629061296
6.671677032597444
3.512311762355864
8.283088400871748
6.123571737591703
8.842627464951505
16.466808470115296
13.810322060667602
5.280096724944542
11.203952740739197
9.158635405621908
13.083117906910331
4.36196451653052
9.122544409284245
11.937603813816281
13.249764990762174
9.461875514669003
8.441113403449265
7.87382107031047
16.34456742204219
12.553021307277987
8.515813443682617
6.5264523348508305
9.002685185750636
8.261385427563852
8.662314466241071
8.955171514330686
7.646582906324284
15.72142041619665
14.411352044003337
14.998615177198076
5.052192416399862
12.079072697074025
7.430710037731302
7.484258929786677
7.995958921922551
10.29817739342451
9.723860398510737
7.5410054911838245
8.601708080347976
4.599295466262788
5.68686733333098
9.257628238604696
6.915526669075717
12.325716482588462
11.952228512858312
11.616832706086313
6.231556007600602
7.8908292834018425
5.7121761206995245
12.502609197212337
9.347325082772159
9.25926762606457
7.932545715525322
7.930186351838046
10.106767361494121
9.845231620915456
16.16497420120237
6.887768764881827
7.81839548430294
8.402280899686332
10.612603101505414
13.033128819064132
9.749216712381667
11.75055351550921
7.510109493237792
7.683515551706705
7.0860491319438665
10.98596476704435
5.181641381851023
9.944291086384709
7.6526310290029755
8.719806710468731
7.821561165906388
3.2188086274081797
10.458558982763549
10.041452846892383
9.583549293010094
5.9745398499308635
10.72831655292373
13.844401322383561
8.0735938458497
6.662892402484175
9.47735517479137
8.19856068306889
4.491644223058984
8.198725815113363
8.488000348162814
10.540438297091328
12.161728361530152
10.407974920960982
14.216322375767959
8.073216886704358
8.405116736930097
5.654874948628617
14.36164820023518
9.835482150590508
7.520368278291073
7.354715982458345
15.380374851882635
5.675170737311646
7.912759899306053
12.583137977829892
7.1818988750759445
11.672806924648938
11.050328740271482
9.512447856758143
8.050757806805592
8.837280988115822
12.560820262589772
9.465809532904387
11.118711406717068
8.548150374095826
5.441461995201266
17.8184212249476
7.043498975371136
15.314278752440828
3.676067900223117
16.875933273282868
6.262919498285697
9.073043387117991
6.333305665943641
7.285248467116105
12.880230995137879
6.737795655370363
12.9198389424011
4.357777613252864
5.7868939716694
5.773677530025566
13.052657607951033
6.652324350696489
16.17127805770903
10.568985314663905
13.246453863598674
10.401380015588273
4.457528701580799
5.247486609868588
8.2794722484727
7.660813339437766
17.938614301489906
14.457252236325076
6.031232796431226
8.741186363695817
11.589203677326168
7.1633190991344975
9.945240224594613
6.0672071449034775
9.269164193478872
8.439135463597722
9.96654461307105
10.622946824824737
13.799537871911923
17.580276721552366
6.22424958263187
6.835525922725083
7.526692386626792
7.303933643473101
6.36056248545836
5.998786396350255
6.276840599766416
5.211575527863772
8.708190785137305
9.605050995563886
16.346416044275998
15.994458421602957
10.106484904956602
6.937873297023259
7.469971330818396
10.611559450366968
11.571991633536584
5.51608201093066
7.8036044625945635
6.911532327943036
9.562492692710805
6.477169362681735
9.548648368937904
10.446427312221886
9.101859841155886
7.21141450605333
6.98381131307886
8.24999417735782
7.407907369922782
4.617217054809004
6.996550776205396
6.059164680443445
10.672533002645139
10.290450598155644
10.022300266481494
6.821562272649857
16.267913024790175
7.729109963901209
6.7897975798559
8.500165452317162
6.682075478621641
6.475376155448004
8.50354660838488
9.691627172946596
6.379722116675168
10.099892106697183
14.837785049057771
10.151996809418534
7.56934278507606
15.964172135923548
7.22676518428969
6.400074219629175
11.026475233141412
6.154980635822284
10.35500981709464
7.148229481771324
7.2235891029779395
6.7982930658192515
11.019482994944724
9.524872230967333
7.000171908438745
12.237018130191245
7.820552064438999
10.152105691032347
6.970979916922033
7.388439602487068
6.314165479964856
7.591015782415397
10.850603370762002
12.471530635648818
10.192747732255611
6.878863225589583
8.402898973572661
6.248485038045644
14.821380596011068
6.1844545623253
8.42043845715881
9.862287389709792
9.57977260324617
12.33682843426007
14.30107132153816
5.347786604444821
7.505471144040001
9.626698539911501
10.233568334920363
10.28643266264865
9.095907909175736
4.9036566240883985
6.124816770748851
10.636003664856474
11.710878924909025
8.824586256952017
11.07852128948997
6.453122956866906
13.861919820048684
4.942605043473293
7.180202963141028
6.612312419253385
9.013601903211082
13.15249967394351
10.637345632633213
11.920099088724953
8.264153349823061
10.641540553816242
10.519652716269377
7.640309776305543
8.019572300667193
5.026075048144463
8.893451279571309
6.868702452569721
10.584623037324462
8.985423306951333
7.527098695458534
3.5846081972198363
8.546359220185053
8.48441375027096
9.558376548689722
8.190870564322694
4.778196125609327
8.104345390944673
6.3902386769898385
5.687287303858369
8.859428868028829
12.303406055878355
7.805584183419683
9.208248758328011
4.67505741982734
6.000031560755502
7.1012722135973405
5.516672975491048
11.113590240367074
8.496079664444721
3.665773259765132
4.67535272659245
7.396282282289121
6.478110053510051
4.822113118517564
7.5106035038787695
7.623631319891814
6.587858627338164
9.234829431546814
5.9056272505509355
5.890486101800008
7.746806758212841
6.742041603184759
4.029422394755159
16.841600084562003
9.591876243908331
8.782069264411234
7.350858666101175
7.442124755803945
9.831772221747087
4.576950266918175
10.753893093430634
6.4709079935655325
11.047391082997365
7.316140822635504
6.377839829369265
18.41392605767905
6.68825416217436
4.7742211425797905
8.061202432555206
6.1091386795934
11.154322623234862
13.104333717670329
6.404165422550932
11.49272219080973
7.140493275194444
4.651932453049994
9.767447677000874
8.23963848326403
5.6371120256686424
8.012863462377112
5.486843109571765
